<Qucs Dataset 0.0.19>
<indep Versus.0001 201>
  +1.00000000000000005551e-01
  +1.03724286551264463507e-01
  +1.07587276205688225916e-01
  +1.11594134664288427428e-01
  +1.15750220013590476853e-01
  +1.20061089890615632636e-01
  +1.24532508914713388459e-01
  +1.29170456396176275282e-01
  +1.33981134331945972438e-01
  +1.38970975699102244905e-01
  +1.44146653057224904959e-01
  +1.49515087471132984698e-01
  +1.55083457765931687078e-01
  +1.60859210126744173186e-01
  +1.66850068055964778635e-01
  +1.73064042701348674846e-01
  +1.79509443568749565978e-01
  +1.86194889633830157338e-01
  +1.93129320867604648004e-01
  +2.00322010191225224895e-01
  +2.07782575875999631076e-01
  +2.15520994405220378543e-01
  +2.23547613815005430382e-01
  +2.31873167531990331813e-01
  +2.40508788726375155598e-01
  +2.49466025199520602396e-01
  +2.58756854826000359804e-01
  +2.68393701570759979358e-01
  +2.78389452102800694089e-01
  +2.88757473027604127935e-01
  +2.99511628761342296734e-01
  +3.10666300070774115127e-01
  +3.22236403303620855265e-01
  +3.34237410335135931572e-01
  +3.46685369257542008725e-01
  +3.59596925840002190622e-01
  +3.72989345787821835465e-01
  +3.86880537830647019959e-01
  +4.01289077670533456121e-01
  +4.16234232821910299371e-01
  +4.31735988376655555054e-01
  +4.47815073728736023906e-01
  +4.64492990294150420727e-01
  +4.81792040263241572173e-01
  +4.99735356423828103178e-01
  +5.18346933095034323458e-01
  +5.37651658213184502344e-01
  +5.57675346612668487722e-01
  +5.78444774546281514915e-01
  +5.99987715491200779283e-01
  +6.22332977288478361722e-01
  +6.45510440665717055708e-01
  +6.69551099194438337214e-01
  +6.94487100735580065169e-01
  +7.20351790428541804978e-01
  +7.47179755281264568190e-01
  +7.75006870420975713110e-01
  +8.03870347067439983135e-01
  +8.33808782292875250164e-01
  +8.64862210635070627340e-01
  +8.97072157632721189913e-01
  +9.30481695354574922519e-01
  +9.65135499996642720610e-01
  +1.00107991162449638800e+00
  +1.03836299614053784168e+00
  +1.07703460955910701458e+00
  +1.11714646467538036845e+00
  +1.15875220021721170305e+00
  +1.20190745257238273958e+00
  +1.24666993018718152975e+00
  +1.29309949073580043866e+00
  +1.34125822116374271431e+00
  +1.39121052071227335745e+00
  +1.44302318703493726026e+00
  +1.49676550552130671612e+00
  +1.55250934194740208838e+00
  +1.61032923857667387146e+00
  +1.67030251384006489523e+00
  +1.73250936572844227435e+00
  +1.79703297903566361349e+00
  +1.86395963659567609483e+00
  +1.93337883466240767483e+00
  +2.00538340258673297711e+00
  +2.08006962695055985790e+00
  +2.15753738032401676250e+00
  +2.23789025481792824834e+00
  +2.32123570061016959443e+00
  +2.40768516963114320717e+00
  +2.49735426460050558006e+00
  +2.59036289361445248858e+00
  +2.68683543049028017435e+00
  +2.78690088108263722688e+00
  +2.89069305579386925942e+00
  +2.99835074850913674283e+00
  +3.11001792219559947128e+00
  +3.22584390141384380613e+00
  +3.34598357199898543968e+00
  +3.47059758817846253365e+00
  +3.59985258740350078099e+00
  +3.73392141318151482565e+00
  +3.87298334620741835366e+00
  +4.01722434410293427476e+00
  +4.16683729008448189290e+00
  +4.32202225089216973686e+00
  +4.48298674432480481755e+00
  +4.64994601673866370106e+00
  +4.82312333088111877544e+00
  +5.00275026444402115544e+00
  +5.18906701973605777312e+00
  +5.38232274488818962510e+00
  +5.58277586702170491861e+00
  +5.79069443782443382673e+00
  +6.00635649199714993784e+00
  +6.23005041904960066290e+00
  +6.46207534894326141028e+00
  +6.70274155209652811038e+00
  +6.95237085428727485947e+00
  +7.21129706700752670656e+00
  +7.47986643384581206817e+00
  +7.75843809349407997900e+00
  +8.04738455999826030052e+00
  +8.34709222089480995521e+00
  +8.65796185389923778075e+00
  +8.98040916283760992656e+00
  +9.31486533353769452503e+00
  +9.66177761042303728800e+00
  +1.00216098945810969667e+01
  +1.03948433641051725118e+01
  +1.07819771175395491269e+01
  +1.11835288412884885645e+01
  +1.16000355018813809949e+01
  +1.20320540640198441196e+01
  +1.24801622353670076393e+01
  +1.29449592390747696413e+01
  +1.34270666150822908236e+01
  +1.39271290512571219722e+01
  +1.44458152454903423489e+01
  +1.49838187998986533955e+01
  +1.55418591483291184119e+01
  +1.61206825184067952250e+01
  +1.67210629294118646726e+01
  +1.73438032273204214562e+01
  +1.79897361583932742235e+01
  +1.86597254827482821327e+01
  +1.93546671294051471079e+01
  +2.00754903943475930816e+01
  +2.08231591832046731838e+01
  +2.15986733002131430226e+01
  +2.24030697851845310709e+01
  +2.32374243002645606282e+01
  +2.41028525683395571377e+01
  +2.50005118650133333347e+01
  +2.59316025661493085863e+01
  +2.68973697530477657835e+01
  +2.78991048774044045899e+01
  +2.89381474882767228962e+01
  +3.00158870233676964290e+01
  +3.11337646670217225164e+01
  +3.22932752774179192556e+01
  +3.34959693855376059446e+01
  +3.47434552685788560211e+01
  +3.60374011005911327743e+01
  +3.73795371832056844141e+01
  +3.87716582594446919074e+01
  +4.02156259137034197693e+01
  +4.17133710611143087021e+01
  +4.32668965296224072858e+01
  +4.48782797382246556595e+01
  +4.65496754749542063223e+01
  +4.82833187783251958081e+01
  +5.00815279260905157344e+01
  +5.19467075353096205959e+01
  +5.38813517778718633622e+01
  +5.58880477157746398120e+01
  +5.79694787606174699590e+01
  +6.01284282619372660861e+01
  +6.23677832291833169620e+01
  +6.46905381923095745833e+01
  +6.70997992061463861546e+01
  +6.95987880039063071536e+01
  +7.21908463053788693742e+01
  +7.48794402855741054736e+01
  +7.76681652097917947231e+01
  +8.05607502413139542341e+01
  +8.35610634281489836894e+01
  +8.66731168754971150747e+01
  +8.99010721108530219681e+01
  +9.32492456489200094438e+01
  +9.67221147637783218443e+01
  +1.00324323476024332535e+02
  +1.04060688762888887027e+02
  +1.07936206999638343973e+02
  +1.11956060640870873613e+02
  +1.16125625150644353312e+02
  +1.20450476190701607493e+02
  +1.24936397076405825146e+02
  +1.29589386510356803228e+02
  +1.34415666604028189113e+02
  +1.39421691198154377389e+02
  +1.44614154492992753376e+02
  +1.50000000000000142109e+02
</indep>
<indep frequency 201>
  +1.00000000000000000000e+05
  +1.03724286551264463924e+05
  +1.07587276205688220216e+05
  +1.11594134664288430940e+05
  +1.15750220013590471353e+05
  +1.20061089890615636250e+05
  +1.24532508914713384002e+05
  +1.29170456396176276030e+05
  +1.33981134331945970189e+05
  +1.38970975699102244107e+05
  +1.44146653057224903023e+05
  +1.49515087471132981591e+05
  +1.55083457765931700123e+05
  +1.60859210126744175795e+05
  +1.66850068055964773521e+05
  +1.73064042701348662376e+05
  +1.79509443568749557016e+05
  +1.86194889633830171078e+05
  +1.93129320867604634259e+05
  +2.00322010191225213930e+05
  +2.07782575875999638811e+05
  +2.15520994405220379122e+05
  +2.23547613815005432116e+05
  +2.31873167531990329735e+05
  +2.40508788726375147235e+05
  +2.49466025199520605383e+05
  +2.58756854826000373578e+05
  +2.68393701570759993047e+05
  +2.78389452102800714783e+05
  +2.88757473027604108211e+05
  +2.99511628761342319194e+05
  +3.10666300070774101187e+05
  +3.22236403303620871156e+05
  +3.34237410335135937203e+05
  +3.46685369257542013656e+05
  +3.59596925840002193581e+05
  +3.72989345787821861450e+05
  +3.86880537830647022929e+05
  +4.01289077670533442870e+05
  +4.16234232821910292841e+05
  +4.31735988376655557659e+05
  +4.47815073728736024350e+05
  +4.64492990294150426053e+05
  +4.81792040263241564389e+05
  +4.99735356423828110565e+05
  +5.18346933095034328289e+05
  +5.37651658213184447959e+05
  +5.57675346612668479793e+05
  +5.78444774546281551011e+05
  +5.99987715491200797260e+05
  +6.22332977288478403352e+05
  +6.45510440665717003867e+05
  +6.69551099194438313134e+05
  +6.94487100735580082983e+05
  +7.20351790428541833535e+05
  +7.47179755281264544465e+05
  +7.75006870420975727029e+05
  +8.03870347067439928651e+05
  +8.33808782292875228450e+05
  +8.64862210635070572607e+05
  +8.97072157632721238770e+05
  +9.30481695354574942030e+05
  +9.65135499996642698534e+05
  +1.00107991162449645344e+06
  +1.03836299614053789992e+06
  +1.07703460955910710618e+06
  +1.11714646467538038269e+06
  +1.15875220021721161902e+06
  +1.20190745257238275371e+06
  +1.24666993018718156964e+06
  +1.29309949073580047116e+06
  +1.34125822116374270990e+06
  +1.39121052071227342822e+06
  +1.44302318703493732028e+06
  +1.49676550552130676806e+06
  +1.55250934194740210660e+06
  +1.61032923857667390257e+06
  +1.67030251384006487206e+06
  +1.73250936572844232433e+06
  +1.79703297903566365130e+06
  +1.86395963659567618743e+06
  +1.93337883466240763664e+06
  +2.00538340258673275821e+06
  +2.08006962695055967197e+06
  +2.15753738032401679084e+06
  +2.23789025481792818755e+06
  +2.32123570061016967520e+06
  +2.40768516963114310056e+06
  +2.49735426460050558671e+06
  +2.59036289361445233226e+06
  +2.68683543049028003588e+06
  +2.78690088108263723552e+06
  +2.89069305579386930913e+06
  +2.99835074850913695991e+06
  +3.11001792219559941441e+06
  +3.22584390141384396702e+06
  +3.34598357199898548424e+06
  +3.47059758817846234888e+06
  +3.59985258740350091830e+06
  +3.73392141318151494488e+06
  +3.87298334620741847903e+06
  +4.01722434410293446854e+06
  +4.16683729008448170498e+06
  +4.32202225089216977358e+06
  +4.48298674432480521500e+06
  +4.64994601673866342753e+06
  +4.82312333088111877441e+06
  +5.00275026444402150810e+06
  +5.18906701973605807871e+06
  +5.38232274488818924874e+06
  +5.58277586702170502394e+06
  +5.79069443782443366945e+06
  +6.00635649199714977294e+06
  +6.23005041904960107058e+06
  +6.46207534894326142967e+06
  +6.70274155209652800113e+06
  +6.95237085428727511317e+06
  +7.21129706700752675533e+06
  +7.47986643384581245482e+06
  +7.75843809349408000708e+06
  +8.04738455999825987965e+06
  +8.34709222089480981231e+06
  +8.65796185389923863113e+06
  +8.98040916283760964870e+06
  +9.31486533353769406676e+06
  +9.66177761042303778231e+06
  +1.00216098945810962468e+07
  +1.03948433641051724553e+07
  +1.07819771175395492464e+07
  +1.11835288412884883583e+07
  +1.16000355018813814968e+07
  +1.20320540640198439360e+07
  +1.24801622353670075536e+07
  +1.29449592390747703612e+07
  +1.34270666150822900236e+07
  +1.39271290512571223080e+07
  +1.44458152454903423786e+07
  +1.49838187998986542225e+07
  +1.55418591483291182667e+07
  +1.61206825184067953378e+07
  +1.67210629294118657708e+07
  +1.73438032273204214871e+07
  +1.79897361583932749927e+07
  +1.86597254827482812107e+07
  +1.93546671294051483274e+07
  +2.00754903943475931883e+07
  +2.08231591832046732306e+07
  +2.15986733002131432295e+07
  +2.24030697851845324039e+07
  +2.32374243002645596862e+07
  +2.41028525683395564556e+07
  +2.50005118650133349001e+07
  +2.59316025661493092775e+07
  +2.68973697530477643013e+07
  +2.78991048774044029415e+07
  +2.89381474882767237723e+07
  +3.00158870233676955104e+07
  +3.11337646670217216015e+07
  +3.22932752774179168046e+07
  +3.34959693855376094580e+07
  +3.47434552685788571835e+07
  +3.60374011005911305547e+07
  +3.73795371832056865096e+07
  +3.87716582594446912408e+07
  +4.02156259137034192681e+07
  +4.17133710611143112183e+07
  +4.32668965296224057674e+07
  +4.48782797382246553898e+07
  +4.65496754749542027712e+07
  +4.82833187783251926303e+07
  +5.00815279260905161500e+07
  +5.19467075353096202016e+07
  +5.38813517778718620539e+07
  +5.58880477157746404409e+07
  +5.79694787606174722314e+07
  +6.01284282619372680783e+07
  +6.23677832291833162308e+07
  +6.46905381923095807433e+07
  +6.70997992061463817954e+07
  +6.95987880039063096046e+07
  +7.21908463053788691759e+07
  +7.48794402855741083622e+07
  +7.76681652097917944193e+07
  +8.05607502413139492273e+07
  +8.35610634281489849091e+07
  +8.66731168754971176386e+07
  +8.99010721108530163765e+07
  +9.32492456489200145006e+07
  +9.67221147637783288956e+07
  +1.00324323476024329662e+08
  +1.04060688762888893485e+08
  +1.07936206999638348818e+08
  +1.11956060640870869160e+08
  +1.16125625150644347072e+08
  +1.20450476190701603889e+08
  +1.24936397076405823231e+08
  +1.29589386510356798768e+08
  +1.34415666604028195143e+08
  +1.39421691198154389858e+08
  +1.44614154492992758751e+08
  +1.50000000000000149012e+08
</indep>
<dep dBS11 frequency>
  -2.24084630718634625635e-10
  -3.23114311247630058302e-10
  -4.65919637127545766274e-10
  -6.71858517929242380260e-10
  -9.68854984116824219057e-10
  -1.39717838639753991510e-09
  -2.01492849036918134087e-09
  -2.90591113897612954768e-09
  -4.19103949622280079145e-09
  -6.04476233005281998844e-09
  -8.71877971806482827499e-09
  -1.25762921025033596079e-08
  -1.81414355749382273923e-08
  -2.61706478977401675306e-08
  -3.77557242579949352202e-08
  -5.44726621892460653904e-08
  -7.85966289951604274456e-08
  -1.13412508519286253648e-07
  -1.63663600421617750513e-07
  -2.36199998531304940090e-07
  -3.40915759503886592145e-07
  -4.92103661504788608257e-07
  -7.10414143170442683286e-07
  -1.02568846279424103739e-06
  -1.48105723231331258350e-06
  -2.13887104706001363475e-06
  -3.08928463060404603457e-06
  -4.46268544571454269480e-06
  -6.44769442341238720602e-06
  -9.31724589652182054033e-06
  -1.34663869322685009390e-05
  -1.94670838284015449956e-05
  -2.81477213489596601902e-05
  -4.07084712017456151474e-05
  -5.88887932637203998345e-05
  -8.52107493174214037420e-05
  -1.23332630502631337326e-04
  -1.78563199270098216069e-04
  -2.58609931765833302945e-04
  -3.74668398656612154987e-04
  -5.43009299668247577900e-04
  -7.87291937651665913768e-04
  -1.14193872519808507088e-03
  -1.65706021735508935225e-03
  -2.40564682129927208051e-03
  -3.49407457729548898140e-03
  -5.07745536655021100642e-03
  -7.38206326307956715166e-03
  -1.07380806445225001483e-02
  -1.56273524032243156523e-02
  -2.27528650255916370382e-02
  -3.31394386926356504519e-02
  -4.82787363310987899245e-02
  -7.03360282784200735451e-02
  -1.02440472752393041400e-01
  -1.49082871657543775124e-01
  -2.16640071458029520590e-01
  -3.14023759181195516454e-01
  -4.53397291053906248415e-01
  -6.50797599377372693041e-01
  -9.26333185216323240496e-01
  -1.30345207973801802126e+00
  -1.80674716117453137976e+00
  -2.45815089286735233287e+00
  -3.27228153458124371156e+00
  -4.25268722484964101227e+00
  -5.39081860293483483559e+00
  -6.66826956991717345602e+00
  -8.06107944648319829639e+00
  -9.54413298704765544755e+00
  -1.10942650590357239082e+01
  -1.26917318307872122318e+01
  -1.43204198796035093721e+01
  -1.59673508425082637530e+01
  -1.76219244329563267115e+01
  -1.92751602298476427677e+01
  -2.09190582394917967690e+01
  -2.25461183469693722259e+01
  -2.41490232420458248441e+01
  -2.57204781644315332301e+01
  -2.72531992431297354074e+01
  -2.87400414368463721360e+01
  -3.01742524216267717918e+01
  -3.15498286741274291956e+01
  -3.28619358113577817448e+01
  -3.41073410430764525358e+01
  -3.52847972555082236568e+01
  -3.63953213801790198545e+01
  -3.74423268869518395263e+01
  -3.84315990735923165289e+01
  -3.93711352781101595610e+01
  -4.02709014920342767141e+01
  -4.11425757148189248369e+01
  -4.19993556083135715085e+01
  -4.28559081651252284928e+01
  -4.37285412288930714908e+01
  -4.46356933124808747948e+01
  -4.55988873087079511492e+01
  -4.66444080089852235460e+01
  -4.78062156296546305612e+01
  -4.91311839355054047473e+01
  -5.06891862568481599283e+01
  -5.25946067918069815050e+01
  -5.50595503140545190490e+01
  -5.85595922861034239304e+01
  -6.46282562340199291384e+01
  -9.63102936272731966483e+01
  -6.40536602031453980999e+01
  -5.80691379829130909229e+01
  -5.45109516930726201167e+01
  -5.19571782850120058583e+01
  -4.99564714756932204409e+01
  -4.83067007872276690250e+01
  -4.68997158753861782543e+01
  -4.56708263248000179146e+01
  -4.45782330660463728123e+01
  -4.35933467962664522588e+01
  -4.26957367560886851265e+01
  -4.18702832917344238695e+01
  -4.11054724323149756060e+01
  -4.03923231516410581321e+01
  -3.97236845464085703838e+01
  -3.90937590922020845596e+01
  -3.84977692571145837519e+01
  -3.79317178632970382068e+01
  -3.73922113423429109957e+01
  -3.68763260676907194124e+01
  -3.63815046597267439665e+01
  -3.59054733599997248916e+01
  -3.54461742667354542391e+01
  -3.50017079935572041904e+01
  -3.45702835010064504218e+01
  -3.41501726674808168127e+01
  -3.37396677474942450203e+01
  -3.33370403011451870157e+01
  -3.29405005341207015590e+01
  -3.25481563129189552797e+01
  -3.21579714583724225463e+01
  -3.17677233116486554820e+01
  -3.13749600482216415287e+01
  -3.09769588206415917853e+01
  -3.05706865652934283162e+01
  -3.01527662182268016977e+01
  -2.97194521235678550397e+01
  -2.92666195045798680496e+01
  -2.87897738463456143165e+01
  -2.82840866625946958379e+01
  -2.77444640496841969934e+01
  -2.71656532791711633479e+01
  -2.65423901000156732266e+01
  -2.58695852615134747055e+01
  -2.51425432637176804462e+01
  -2.43572002717254960658e+01
  -2.35103628349707989287e+01
  -2.25999262189102552156e+01
  -2.16250523427233574125e+01
  -2.05862933527334810435e+01
  -1.94856573795668097659e+01
  -1.83266263883687550162e+01
  -1.71141497215295537160e+01
  -1.58546482015862917336e+01
  -1.45560699312912547043e+01
  -1.32280374957838944283e+01
  -1.18821130942609709535e+01
  -1.05321760904533707759e+01
  -9.19484579152508274547e+00
  -7.88978107963848707129e+00
  -6.63955555546111320098e+00
  -5.46870020592745831323e+00
  -4.40156229511023866507e+00
  -3.45901712250042958630e+00
  -2.65478397864331672196e+00
  -1.99272660232949716530e+00
  -1.46640736094754409180e+00
  -1.06113595883371081285e+00
  -7.57532464104133551608e-01
  -5.35144832433342543254e-01
  -3.75085160755398439036e-01
  -2.61403040227411009866e-01
  -1.81442244345700359753e-01
  -1.25590691110819580034e-01
  -8.67694462229510465878e-02
  -5.98761978213074447241e-02
  -4.12880530642174073397e-02
  -2.84591363689991362629e-02
  -1.96131309501191598843e-02
  -1.35166696595498576905e-02
  -9.31617343487680521497e-03
  -6.42217822611960802159e-03
  -4.42817493460143703915e-03
  -3.05406047696760250126e-03
  -2.10692068685797194785e-03
  -1.45391740274649012080e-03
  -1.00358186068541304845e-03
  -6.92924598092741926211e-04
  -4.78560122368090377302e-04
  -3.30598380934710514567e-04
  -2.28441162946503800810e-04
  -1.57889333997171532609e-04
  -1.09151868216922698428e-04
  -7.54752531063599860998e-05
</dep>
<dep FilterResponse Versus.0001>
  -1.02873756297910276203e+02
  -1.01284300570149042642e+02
  -9.96947380701496115307e+01
  -9.81050607309425117819e+01
  -9.65152598789089921638e+01
  -9.49253261886155996763e+01
  -9.33352496343609061569e+01
  -9.17450194382072794497e+01
  -9.01546240142580757038e+01
  -8.85640509089261485087e+01
  -8.69732867369265250090e+01
  -8.53823171127120588153e+01
  -8.37911265770572413203e+01
  -8.21996985184828190540e+01
  -8.06080150892020128595e+01
  -7.90160571152592439148e+01
  -7.74238040005246688224e+01
  -7.58312336242051827639e+01
  -7.42383222315339423858e+01
  -7.26450443173113029616e+01
  -7.10513725019916648762e+01
  -6.94572774000479853385e+01
  -6.78627274804061784153e+01
  -6.62676889188339401926e+01
  -6.46721254423050169180e+01
  -6.30759981655616002172e+01
  -6.14792654203888702114e+01
  -5.98818825785368957781e+01
  -5.82838018698305475596e+01
  -5.66849721978786718068e+01
  -5.50853389570433620293e+01
  -5.34848438561282861770e+01
  -5.18834247568303794651e+01
  -5.02810155387289015039e+01
  -4.86775460079667254831e+01
  -4.70729418745630212584e+01
  -4.54671248345708534089e+01
  -4.38600128096509678244e+01
  -4.22515204204061518567e+01
  -4.06415598044139798617e+01
  -3.90300419403059279944e+01
  -3.74168787127732187514e+01
  -3.58019860607307478517e+01
  -3.41852887076543083822e+01
  -3.25667272020643991937e+01
  -3.09462683301782561784e+01
  -2.93239204491339862102e+01
  -2.76997559947219471610e+01
  -2.60739444345361484068e+01
  -2.44468003883705655710e+01
  -2.28188536736389693260e+01
  -2.11909508141323001951e+01
  -1.95644011773150765521e+01
  -1.79411852535642744044e+01
  -1.63242469285708011739e+01
  -1.47178938191086068343e+01
  -1.31283249761669917888e+01
  -1.15642838679687756098e+01
  -1.00377804762886224665e+01
  -8.56471978692466962002e+00
  -7.16510796282694339965e+00
  -5.86233041579832825363e+00
  -4.68096955495652888857e+00
  -3.64301473118752605629e+00
  -2.76322694724077955186e+00
  -2.04540530752423510563e+00
  -1.48138649637789354685e+00
  -1.05331751745522161912e+00
  -7.37995542378455215982e-01
  -5.11311785108998106963e-01
  -3.51406392270219358753e-01
  -2.40195889965942710464e-01
  -1.63643517973682789401e-01
  -1.11327825819630188420e-01
  -7.57484561682384149872e-02
  -5.16234355180606729885e-02
  -3.52891950623413358512e-02
  -2.42316784405711450889e-02
  -1.67385813511197988068e-02
  -1.16498103426933650312e-02
  -8.18226302117731896235e-03
  -5.80858788422054274359e-03
  -4.17414719541416706639e-03
  -3.04055919571699509799e-03
  -2.24751759937925118388e-03
  -1.68707565334656512009e-03
  -1.28637888582971114670e-03
  -9.96097791538538531245e-04
  -7.82691750836847629710e-04
  -6.23240354014358791807e-04
  -5.01990944371528578435e-04
  -4.08051110856850758179e-04
  -3.33843889773239687994e-04
  -2.74070602126703433740e-04
  -2.25011515805305481637e-04
  -1.84051512590135583425e-04
  -1.49355922234182408610e-04
  -1.19646930864883370405e-04
  -9.40477073005958620318e-05
  -7.19724599901555930643e-05
  -5.30479456710866473473e-05
  -3.70567679932853053567e-05
  -2.38959789448998821443e-05
  -1.35465890854112837657e-05
  -6.05097536988307427839e-06
  -1.49609359979667485741e-06
  -1.01567308262868314293e-09
  -1.70772673151158763066e-06
  -6.77440024570483287846e-06
  -1.53705677826717226171e-05
  -2.76737406494819416472e-05
  -4.38671436777721997355e-05
  -6.41382992363449463968e-05
  -8.86782589074900588332e-05
  -1.17681328608738216060e-04
  -1.51345172234887398845e-04
  -1.89871213126079378328e-04
  -2.33465283059105697342e-04
  -2.82338497329281848218e-04
  -3.36708363043380638595e-04
  -3.96800157607707858990e-04
  -4.62848647367600685328e-04
  -5.35100253626716142186e-04
  -6.13815818044638515996e-04
  -6.99274172856725623887e-04
  -7.91776787321946465270e-04
  -8.91653844543708793378e-04
  -9.99272205944209002820e-04
  -1.11504585186787208775e-03
  -1.23944955426996076403e-03
  -1.37303675150441165630e-03
  -1.51646287311187110206e-03
  -1.67051572323487413675e-03
  -1.83615500615151930330e-03
  -2.01456370581173721188e-03
  -2.20721487323367404967e-03
  -2.41595851330708710769e-03
  -2.64313481683622160043e-03
  -2.89172212742429875915e-03
  -3.16553101820038398223e-03
  -3.46946004706119104713e-03
  -3.80983469595307794320e-03
  -4.19485946278586475239e-03
  -4.63522520668684795409e-03
  -5.14493132354276391793e-03
  -5.74240759519463028066e-03
  -6.45205718570270557455e-03
  -7.30639546181216514853e-03
  -8.34903666628682150641e-03
  -9.63889294569746091224e-03
  -1.12561136465984795024e-02
  -1.33105297805392146226e-02
  -1.59537111805455114610e-02
  -1.93962368499739148953e-02
  -2.39324832736359585650e-02
  -2.99762309763862595802e-02
  -3.81117745906590643656e-02
  -4.91671017996016326834e-02
  -6.43181599763549272097e-02
  -8.52362196405004185484e-02
  -1.14293526973058390261e-01
  -1.54844774323088629764e-01
  -2.11600969640535874206e-01
  -2.91103119531283649479e-01
  -4.02277099332842225099e-01
  -5.56995787523710927935e-01
  -7.70478910824744289698e-01
  -1.06123215211938481950e+00
  -1.45012287435444564565e+00
  -1.95824753521900873920e+00
  -2.60363380830472035399e+00
  -3.39753446122991320522e+00
  -4.34169804876790443871e+00
  -5.42788935092161928253e+00
  -6.63990309105113940547e+00
  -7.95709261834550840575e+00
  -9.35795495654008746556e+00
  -1.08227371656019570878e+01
  -1.23347827298649566075e+01
  -1.38808642970758029378e+01
  -1.54509126284303039967e+01
  -1.70374873457405016097e+01
  -1.86352046700205811192e+01
  -2.02402267421870583064e+01
  -2.18498477437662330658e+01
  -2.34621767080901193481e+01
  -2.50759026950927896848e+01
  -2.66901247170746813708e+01
  -2.83042302685002802320e+01
  -2.99178093192894465346e+01
  -3.15305937260484334672e+01
  -3.31424146578670786312e+01
  -3.47531727024991283770e+01
  -3.63628168640200613027e+01
  -3.79713297846848121253e+01
  -3.95787173234853213444e+01
  -4.11850011877797257398e+01
  -4.27902137090945728914e+01
  -4.43943941293359571887e+01
  -4.59975859549631849177e+01
  -4.75998350695932828103e+01
</dep>
<dep f_mhz frequency>
  +1.00000000000000005551e-01
  +1.03724286551264463507e-01
  +1.07587276205688225916e-01
  +1.11594134664288427428e-01
  +1.15750220013590476853e-01
  +1.20061089890615632636e-01
  +1.24532508914713388459e-01
  +1.29170456396176275282e-01
  +1.33981134331945972438e-01
  +1.38970975699102244905e-01
  +1.44146653057224904959e-01
  +1.49515087471132984698e-01
  +1.55083457765931687078e-01
  +1.60859210126744173186e-01
  +1.66850068055964778635e-01
  +1.73064042701348674846e-01
  +1.79509443568749565978e-01
  +1.86194889633830157338e-01
  +1.93129320867604648004e-01
  +2.00322010191225224895e-01
  +2.07782575875999631076e-01
  +2.15520994405220378543e-01
  +2.23547613815005430382e-01
  +2.31873167531990331813e-01
  +2.40508788726375155598e-01
  +2.49466025199520602396e-01
  +2.58756854826000359804e-01
  +2.68393701570759979358e-01
  +2.78389452102800694089e-01
  +2.88757473027604127935e-01
  +2.99511628761342296734e-01
  +3.10666300070774115127e-01
  +3.22236403303620855265e-01
  +3.34237410335135931572e-01
  +3.46685369257542008725e-01
  +3.59596925840002190622e-01
  +3.72989345787821835465e-01
  +3.86880537830647019959e-01
  +4.01289077670533456121e-01
  +4.16234232821910299371e-01
  +4.31735988376655555054e-01
  +4.47815073728736023906e-01
  +4.64492990294150420727e-01
  +4.81792040263241572173e-01
  +4.99735356423828103178e-01
  +5.18346933095034323458e-01
  +5.37651658213184502344e-01
  +5.57675346612668487722e-01
  +5.78444774546281514915e-01
  +5.99987715491200779283e-01
  +6.22332977288478361722e-01
  +6.45510440665717055708e-01
  +6.69551099194438337214e-01
  +6.94487100735580065169e-01
  +7.20351790428541804978e-01
  +7.47179755281264568190e-01
  +7.75006870420975713110e-01
  +8.03870347067439983135e-01
  +8.33808782292875250164e-01
  +8.64862210635070627340e-01
  +8.97072157632721189913e-01
  +9.30481695354574922519e-01
  +9.65135499996642720610e-01
  +1.00107991162449638800e+00
  +1.03836299614053784168e+00
  +1.07703460955910701458e+00
  +1.11714646467538036845e+00
  +1.15875220021721170305e+00
  +1.20190745257238273958e+00
  +1.24666993018718152975e+00
  +1.29309949073580043866e+00
  +1.34125822116374271431e+00
  +1.39121052071227335745e+00
  +1.44302318703493726026e+00
  +1.49676550552130671612e+00
  +1.55250934194740208838e+00
  +1.61032923857667387146e+00
  +1.67030251384006489523e+00
  +1.73250936572844227435e+00
  +1.79703297903566361349e+00
  +1.86395963659567609483e+00
  +1.93337883466240767483e+00
  +2.00538340258673297711e+00
  +2.08006962695055985790e+00
  +2.15753738032401676250e+00
  +2.23789025481792824834e+00
  +2.32123570061016959443e+00
  +2.40768516963114320717e+00
  +2.49735426460050558006e+00
  +2.59036289361445248858e+00
  +2.68683543049028017435e+00
  +2.78690088108263722688e+00
  +2.89069305579386925942e+00
  +2.99835074850913674283e+00
  +3.11001792219559947128e+00
  +3.22584390141384380613e+00
  +3.34598357199898543968e+00
  +3.47059758817846253365e+00
  +3.59985258740350078099e+00
  +3.73392141318151482565e+00
  +3.87298334620741835366e+00
  +4.01722434410293427476e+00
  +4.16683729008448189290e+00
  +4.32202225089216973686e+00
  +4.48298674432480481755e+00
  +4.64994601673866370106e+00
  +4.82312333088111877544e+00
  +5.00275026444402115544e+00
  +5.18906701973605777312e+00
  +5.38232274488818962510e+00
  +5.58277586702170491861e+00
  +5.79069443782443382673e+00
  +6.00635649199714993784e+00
  +6.23005041904960066290e+00
  +6.46207534894326141028e+00
  +6.70274155209652811038e+00
  +6.95237085428727485947e+00
  +7.21129706700752670656e+00
  +7.47986643384581206817e+00
  +7.75843809349407997900e+00
  +8.04738455999826030052e+00
  +8.34709222089480995521e+00
  +8.65796185389923778075e+00
  +8.98040916283760992656e+00
  +9.31486533353769452503e+00
  +9.66177761042303728800e+00
  +1.00216098945810969667e+01
  +1.03948433641051725118e+01
  +1.07819771175395491269e+01
  +1.11835288412884885645e+01
  +1.16000355018813809949e+01
  +1.20320540640198441196e+01
  +1.24801622353670076393e+01
  +1.29449592390747696413e+01
  +1.34270666150822908236e+01
  +1.39271290512571219722e+01
  +1.44458152454903423489e+01
  +1.49838187998986533955e+01
  +1.55418591483291184119e+01
  +1.61206825184067952250e+01
  +1.67210629294118646726e+01
  +1.73438032273204214562e+01
  +1.79897361583932742235e+01
  +1.86597254827482821327e+01
  +1.93546671294051471079e+01
  +2.00754903943475930816e+01
  +2.08231591832046731838e+01
  +2.15986733002131430226e+01
  +2.24030697851845310709e+01
  +2.32374243002645606282e+01
  +2.41028525683395571377e+01
  +2.50005118650133333347e+01
  +2.59316025661493085863e+01
  +2.68973697530477657835e+01
  +2.78991048774044045899e+01
  +2.89381474882767228962e+01
  +3.00158870233676964290e+01
  +3.11337646670217225164e+01
  +3.22932752774179192556e+01
  +3.34959693855376059446e+01
  +3.47434552685788560211e+01
  +3.60374011005911327743e+01
  +3.73795371832056844141e+01
  +3.87716582594446919074e+01
  +4.02156259137034197693e+01
  +4.17133710611143087021e+01
  +4.32668965296224072858e+01
  +4.48782797382246556595e+01
  +4.65496754749542063223e+01
  +4.82833187783251958081e+01
  +5.00815279260905157344e+01
  +5.19467075353096205959e+01
  +5.38813517778718633622e+01
  +5.58880477157746398120e+01
  +5.79694787606174699590e+01
  +6.01284282619372660861e+01
  +6.23677832291833169620e+01
  +6.46905381923095745833e+01
  +6.70997992061463861546e+01
  +6.95987880039063071536e+01
  +7.21908463053788693742e+01
  +7.48794402855741054736e+01
  +7.76681652097917947231e+01
  +8.05607502413139542341e+01
  +8.35610634281489836894e+01
  +8.66731168754971150747e+01
  +8.99010721108530219681e+01
  +9.32492456489200094438e+01
  +9.67221147637783218443e+01
  +1.00324323476024332535e+02
  +1.04060688762888887027e+02
  +1.07936206999638343973e+02
  +1.11956060640870873613e+02
  +1.16125625150644353312e+02
  +1.20450476190701607493e+02
  +1.24936397076405825146e+02
  +1.29589386510356803228e+02
  +1.34415666604028189113e+02
  +1.39421691198154377389e+02
  +1.44614154492992753376e+02
  +1.50000000000000142109e+02
</dep>
<dep dBS21 frequency>
  -1.02873756297910276203e+02
  -1.01284300570149042642e+02
  -9.96947380701496115307e+01
  -9.81050607309425117819e+01
  -9.65152598789089921638e+01
  -9.49253261886155996763e+01
  -9.33352496343609061569e+01
  -9.17450194382072794497e+01
  -9.01546240142580757038e+01
  -8.85640509089261485087e+01
  -8.69732867369265250090e+01
  -8.53823171127120588153e+01
  -8.37911265770572413203e+01
  -8.21996985184828190540e+01
  -8.06080150892020128595e+01
  -7.90160571152592439148e+01
  -7.74238040005246688224e+01
  -7.58312336242051827639e+01
  -7.42383222315339423858e+01
  -7.26450443173113029616e+01
  -7.10513725019916648762e+01
  -6.94572774000479853385e+01
  -6.78627274804061784153e+01
  -6.62676889188339401926e+01
  -6.46721254423050169180e+01
  -6.30759981655616002172e+01
  -6.14792654203888702114e+01
  -5.98818825785368957781e+01
  -5.82838018698305475596e+01
  -5.66849721978786718068e+01
  -5.50853389570433620293e+01
  -5.34848438561282861770e+01
  -5.18834247568303794651e+01
  -5.02810155387289015039e+01
  -4.86775460079667254831e+01
  -4.70729418745630212584e+01
  -4.54671248345708534089e+01
  -4.38600128096509678244e+01
  -4.22515204204061518567e+01
  -4.06415598044139798617e+01
  -3.90300419403059279944e+01
  -3.74168787127732187514e+01
  -3.58019860607307478517e+01
  -3.41852887076543083822e+01
  -3.25667272020643991937e+01
  -3.09462683301782561784e+01
  -2.93239204491339862102e+01
  -2.76997559947219471610e+01
  -2.60739444345361484068e+01
  -2.44468003883705655710e+01
  -2.28188536736389693260e+01
  -2.11909508141323001951e+01
  -1.95644011773150765521e+01
  -1.79411852535642744044e+01
  -1.63242469285708011739e+01
  -1.47178938191086068343e+01
  -1.31283249761669917888e+01
  -1.15642838679687756098e+01
  -1.00377804762886224665e+01
  -8.56471978692466962002e+00
  -7.16510796282694339965e+00
  -5.86233041579832825363e+00
  -4.68096955495652888857e+00
  -3.64301473118752605629e+00
  -2.76322694724077955186e+00
  -2.04540530752423510563e+00
  -1.48138649637789354685e+00
  -1.05331751745522161912e+00
  -7.37995542378455215982e-01
  -5.11311785108998106963e-01
  -3.51406392270219358753e-01
  -2.40195889965942710464e-01
  -1.63643517973682789401e-01
  -1.11327825819630188420e-01
  -7.57484561682384149872e-02
  -5.16234355180606729885e-02
  -3.52891950623413358512e-02
  -2.42316784405711450889e-02
  -1.67385813511197988068e-02
  -1.16498103426933650312e-02
  -8.18226302117731896235e-03
  -5.80858788422054274359e-03
  -4.17414719541416706639e-03
  -3.04055919571699509799e-03
  -2.24751759937925118388e-03
  -1.68707565334656512009e-03
  -1.28637888582971114670e-03
  -9.96097791538538531245e-04
  -7.82691750836847629710e-04
  -6.23240354014358791807e-04
  -5.01990944371528578435e-04
  -4.08051110856850758179e-04
  -3.33843889773239687994e-04
  -2.74070602126703433740e-04
  -2.25011515805305481637e-04
  -1.84051512590135583425e-04
  -1.49355922234182408610e-04
  -1.19646930864883370405e-04
  -9.40477073005958620318e-05
  -7.19724599901555930643e-05
  -5.30479456710866473473e-05
  -3.70567679932853053567e-05
  -2.38959789448998821443e-05
  -1.35465890854112837657e-05
  -6.05097536988307427839e-06
  -1.49609359979667485741e-06
  -1.01567308262868314293e-09
  -1.70772673151158763066e-06
  -6.77440024570483287846e-06
  -1.53705677826717226171e-05
  -2.76737406494819416472e-05
  -4.38671436777721997355e-05
  -6.41382992363449463968e-05
  -8.86782589074900588332e-05
  -1.17681328608738216060e-04
  -1.51345172234887398845e-04
  -1.89871213126079378328e-04
  -2.33465283059105697342e-04
  -2.82338497329281848218e-04
  -3.36708363043380638595e-04
  -3.96800157607707858990e-04
  -4.62848647367600685328e-04
  -5.35100253626716142186e-04
  -6.13815818044638515996e-04
  -6.99274172856725623887e-04
  -7.91776787321946465270e-04
  -8.91653844543708793378e-04
  -9.99272205944209002820e-04
  -1.11504585186787208775e-03
  -1.23944955426996076403e-03
  -1.37303675150441165630e-03
  -1.51646287311187110206e-03
  -1.67051572323487413675e-03
  -1.83615500615151930330e-03
  -2.01456370581173721188e-03
  -2.20721487323367404967e-03
  -2.41595851330708710769e-03
  -2.64313481683622160043e-03
  -2.89172212742429875915e-03
  -3.16553101820038398223e-03
  -3.46946004706119104713e-03
  -3.80983469595307794320e-03
  -4.19485946278586475239e-03
  -4.63522520668684795409e-03
  -5.14493132354276391793e-03
  -5.74240759519463028066e-03
  -6.45205718570270557455e-03
  -7.30639546181216514853e-03
  -8.34903666628682150641e-03
  -9.63889294569746091224e-03
  -1.12561136465984795024e-02
  -1.33105297805392146226e-02
  -1.59537111805455114610e-02
  -1.93962368499739148953e-02
  -2.39324832736359585650e-02
  -2.99762309763862595802e-02
  -3.81117745906590643656e-02
  -4.91671017996016326834e-02
  -6.43181599763549272097e-02
  -8.52362196405004185484e-02
  -1.14293526973058390261e-01
  -1.54844774323088629764e-01
  -2.11600969640535874206e-01
  -2.91103119531283649479e-01
  -4.02277099332842225099e-01
  -5.56995787523710927935e-01
  -7.70478910824744289698e-01
  -1.06123215211938481950e+00
  -1.45012287435444564565e+00
  -1.95824753521900873920e+00
  -2.60363380830472035399e+00
  -3.39753446122991320522e+00
  -4.34169804876790443871e+00
  -5.42788935092161928253e+00
  -6.63990309105113940547e+00
  -7.95709261834550840575e+00
  -9.35795495654008746556e+00
  -1.08227371656019570878e+01
  -1.23347827298649566075e+01
  -1.38808642970758029378e+01
  -1.54509126284303039967e+01
  -1.70374873457405016097e+01
  -1.86352046700205811192e+01
  -2.02402267421870583064e+01
  -2.18498477437662330658e+01
  -2.34621767080901193481e+01
  -2.50759026950927896848e+01
  -2.66901247170746813708e+01
  -2.83042302685002802320e+01
  -2.99178093192894465346e+01
  -3.15305937260484334672e+01
  -3.31424146578670786312e+01
  -3.47531727024991283770e+01
  -3.63628168640200613027e+01
  -3.79713297846848121253e+01
  -3.95787173234853213444e+01
  -4.11850011877797257398e+01
  -4.27902137090945728914e+01
  -4.43943941293359571887e+01
  -4.59975859549631849177e+01
  -4.75998350695932828103e+01
</dep>
<dep S[2,2] frequency>
  +9.56570543855203569983e-01-j2.91500934092779162565e-01
  +9.53289716383521112952e-01-j3.02057472284707251298e-01
  +9.49762220993454642226e-01-j3.12972400486525970109e-01
  +9.45969699727286728042e-01-j3.24255033951927618130e-01
  +9.41892458507321839178e-01-j3.35914567091018301248e-01
  +9.37509374810406193035e-01-j3.47960014686873597700e-01
  +9.32797799790138215670e-01-j3.60400144620840412468e-01
  +9.27733454660996437191e-01-j3.73243401058427737293e-01
  +9.22290321183239281133e-01-j3.86497816923581871684e-01
  +9.16440526120444243219e-01-j4.00170914350636952594e-01
  +9.10154219584656143383e-01-j4.14269591648568857867e-01
  +9.03399447239460751113e-01-j4.28799995139503675734e-01
  +8.96142016401323404651e-01-j4.43767374040668238777e-01
  +8.88345356167204225351e-01-j4.59175916343778467432e-01
  +8.79970371805295026313e-01-j4.75028563405689885357e-01
  +8.70975293779893688928e-01-j4.91326800696067877983e-01
  +8.61315521945908879609e-01-j5.08070421848688225097e-01
  +8.50943465649186880917e-01-j5.25257262829135984639e-01
  +8.39808380712812940772e-01-j5.42882902659115651467e-01
  +8.27856204585174837440e-01-j5.60940326721809934263e-01
  +8.15029391282898862947e-01-j5.79419548208615298179e-01
  +8.01266748192786204541e-01-j5.98307182749387544973e-01
  +7.86503277315926729862e-01-j6.17585970689440433290e-01
  +7.70670024161551614483e-01-j6.37234240829355313984e-01
  +7.53693938248690908921e-01-j6.57225308719320500117e-01
  +7.35497750075566725236e-01-j6.77526801787679544553e-01
  +7.15999870500604540524e-01-j6.98099902671026617540e-01
  +6.95114319782741518772e-01-j7.18898501084962893160e-01
  +6.72750695099091577944e-01-j7.39868243411139103749e-01
  +6.48814187253635821229e-01-j7.60945467852693457900e-01
  +6.23205659585840843206e-01-j7.82056011494575487042e-01
  +5.95821804879085092921e-01-j8.03113873855366255938e-01
  +5.66555399481436960940e-01-j8.24019719477073198100e-01
  +5.35295678054463430762e-01-j8.44659199694319684504e-01
  +5.01928857589052923593e-01-j8.64901070854654729914e-01
  +4.66338845890417796891e-01-j8.84595082795490039729e-01
  +4.28408178089328517402e-01-j9.03569607148096420879e-01
  +3.88019235533070383504e-01-j9.21628969816753462752e-01
  +3.45055815594236481303e-01-j9.38550445506321051603e-01
  +2.99405139902200967406e-01-j9.54080864148520446655e-01
  +2.50960414319301161612e-01-j9.67932769229891465379e-01
  +1.99624089733682175130e-01-j9.79780056216903894040e-01
  +1.45312023022142300377e-01-j9.89253005768807813780e-01
  +8.79588091925413290140e-02-j9.95932612404951678187e-01
  +2.75246588598149766192e-02-j9.99344097840878187178e-01
  -3.59956553996756273284e-02-j9.98949496193202168826e-01
  -1.02561043547531358100e-01-j9.94139219730199918956e-01
  -1.72068480015346914058e-01-j9.84222586164049451085e-01
  -2.44332022272063659196e-01-j9.68417463001397416100e-01
  -3.19054340045922812941e-01-j9.45839554820747330233e-01
  -3.95787789442945958651e-01-j9.15492591332028760043e-01
  -4.73881017482907229699e-01-j8.76262051513829631766e-01
  -5.52405959175674476924e-01-j8.26917545687988586600e-01
  -6.30059342826123747194e-01-j7.66133276243889715929e-01
  -7.05033596032077602977e-01-j6.92543035035725451642e-01
  -7.74856854198613498319e-01-j6.04856812293952161852e-01
  -8.36215438961097290438e-01-j5.02079929184177653489e-01
  -8.84802489970096139871e-01-j3.83888203539030248290e-01
  -9.15292235779455176647e-01-j2.51209629224560304639e-01
  -9.21620304005298707217e-01-j1.07012415003544997250e-01
  -8.97820122716303847810e-01+j4.28474759257856246952e-02
  -8.39612845371788041327e-01+j1.89133549368511788558e-01
  -7.46597887360344714125e-01+j3.19780224448392436098e-01
  -6.24197117394154177283e-01+j4.22095084628217376288e-01
  -4.83923968328154874285e-01+j4.86361552479076864053e-01
  -3.41000571957971621018e-01+j5.09238190191617312585e-01
  -2.10077892562336554505e-01+j4.94854307769993728705e-01
  -1.01358196875603323583e-01+j4.52869167940104067061e-01
  -1.90511143043423127053e-02+j3.94858166725110870665e-01
  +3.77390082077320165865e-02+j3.31124133459568148474e-01
  +7.29526104229985539185e-02+j2.69082145279622764189e-01
  +9.16108695151705565429e-02+j2.13103182987073536125e-01
  +9.85299054908680971288e-02+j1.65139638925631715427e-01
  +9.77162596215944423417e-02+j1.25538622615256473258e-01
  +9.22183836354958652581e-02+j9.37351049413610998284e-02
  +8.42105163541714274444e-02+j6.87383160714716556772e-02
  +7.51611764796631665053e-02+j4.94318848871562049885e-02
  +6.60091350576501867398e-02+j3.47391344744368002484e-02
  +5.73149568847565044072e-02+j2.37018692979220901851e-02
  +4.93798261028630947056e-02+j1.55082602134046787512e-02
  +4.23337060650964616682e-02+j9.49312043432515295649e-03
  +3.61983419687221252836e-02+j5.12472463803329003618e-03
  +3.09309847101019337601e-02+j1.98629186715765237992e-03
  +2.64539283930417465363e-02-j2.43469418103242629670e-04
  +2.26738904187122544687e-02-j1.80855193642173728286e-03
  +1.94942710712446426458e-02-j2.89162207584747754652e-03
  +1.68225161253287291974e-02-j3.62750231741887363413e-03
  +1.45741789591155301853e-02-j4.11424346287955766677e-03
  +1.26748113263200068435e-02-j4.42203061080052861609e-03
  +1.10604706526592488913e-02-j4.60022686855461604427e-03
  +9.67738584185028061224e-03-j4.68286341912004661081e-03
  +8.48114827749897604026e-03-j4.69286165952328970796e-03
  +7.43567091479296893297e-03-j4.64523842143885201672e-03
  +6.51207181282817404444e-03-j4.54950742191724197272e-03
  +5.68757866550041735199e-03-j4.41145361192160113950e-03
  +4.94451017992915409227e-03-j4.23442416489274754687e-03
  +4.26936295943193544478e-03-j4.02025130833049727797e-03
  +3.65201484845130430745e-03-j3.76989814197733509593e-03
  +3.08504459281877529975e-03-j3.48389871740289666646e-03
  +2.56316108612783533083e-03-j3.16264751041288316724e-03
  +2.08273193600781031387e-03-j2.80658047725828446728e-03
  +1.64139955108909968429e-03-j2.41627963370739939908e-03
  +1.23777269239552095703e-03-j1.99252505994598066996e-03
  +8.71181949460161919596e-04-j1.53631199764242207251e-03
  +5.41488550496370402154e-04-j1.04884591230616081026e-03
  +2.48937070758598055775e-04-j5.31524746048686602684e-04
  -5.95618256142571578238e-06+j1.40851624334178970877e-05
  -2.22486147504689923959e-04+j5.86275061841442374222e-04
  -3.99819285568640825357e-04+j1.18321875533447529172e-03
  -5.37036110600548968752e-04+j1.80299472493555129615e-03
  -6.33160048660723687175e-04+j2.44360437036102509656e-03
  -6.87175959224696139560e-04+j3.10298586823701955106e-03
  -6.98041010452290014432e-04+j3.77902353344448591055e-03
  -6.64690065190405056372e-04+j4.46955281383635584513e-03
  -5.86037287672123291538e-04+j5.17236120847253469379e-03
  -4.60975310672781524168e-04+j5.88518549483029417002e-03
  -2.88372996662389293084e-04+j6.60570570237201202396e-03
  -6.70725722536868443260e-05+j7.33153629327425778589e-03
  +2.04113298215878819029e-04+j8.06021501676766269351e-03
  +5.26404117393546771078e-04+j8.78918989888670745825e-03
  +9.01053618157620760803e-04+j9.51580481925388445286e-03
  +1.32935121756662085260e-03+j1.02372841134346238140e-02
  +1.81262294369524418897e-03+j1.09507166239399839763e-02
  +2.35223207477698245671e-03+j1.16530396038070707676e-02
  +2.94957990364278464790e-03+j1.23410228504285610085e-02
  +3.60610723979497109493e-03+j1.30112534082567829485e-02
  +4.32329749641380961522e-03+j1.36601211186626395055e-02
  +5.10268249042463220566e-03+j1.42838052016344210782e-02
  +5.94585242106565950437e-03+j1.48782619108100144789e-02
  +6.85447189684251431685e-03+j1.54392130885762715597e-02
  +7.83030436253802364366e-03+j1.59621351324703147911e-02
  +8.87524784576421837956e-03+j1.64422474295929516019e-02
  +9.99138560212921300607e-03+j1.68744986722131826151e-02
  +1.11810559898462003048e-02+j1.72535485706578270437e-02
  +1.24469467400109140565e-02+j1.75737412460663239289e-02
  +1.37922196852785089449e-02+j1.78290649102560878891e-02
  +1.52206729232317039546e-02+j1.80130901898708853381e-02
  +1.67369482452560530694e-02+j1.81188764611889922829e-02
  +1.83467923339968863594e-02+j1.81388316257054954539e-02
  +2.00573805314414599366e-02+j1.80645056254586135192e-02
  +2.18777116170660868022e-02+j1.78862913727807180952e-02
  +2.38190805859771342901e-02+j1.75929983025194004720e-02
  +2.58956332625232543698e-02+j1.71712530495433841893e-02
  +2.81250008391917688533e-02+j1.66046683808608944166e-02
  +3.05290028358643078521e-02+j1.58727050378223155658e-02
  +3.31343917609833171767e-02+j1.49491311953822009206e-02
  +3.59735894529147892662e-02+j1.37999606148042353038e-02
  +3.90853302604899643935e-02+j1.23807234022945827911e-02
  +4.25150751680436339575e-02+j1.06328934158668175769e-02
  +4.63149872337323201266e-02+j8.47926583236081887751e-03
  +5.05431535623753341868e-02+j5.81805136313945370219e-03
  +5.52615908228039007244e-02+j2.51543787930708084843e-03
  +6.05323648225442045856e-02-j1.60362032597066717088e-03
  +6.64108707088985894540e-02-j6.76656663011121484175e-03
  +7.29349364823010104519e-02-j1.32663913583505321814e-02
  +8.01079060452373203915e-02-j2.14764896875558886080e-02
  +8.78732154370829854351e-02-j3.18663705316540313284e-02
  +9.60772153578485360592e-02-j4.50163221793285772687e-02
  +1.04416214425051445680e-01-j6.16273643350193078838e-02
  +1.12363205904206620023e-01-j8.25198858952685826429e-02
  +1.19070164912387865819e-01-j1.08609747038402704167e-01
  +1.23244561649967193651e-01-j1.40843802522754524276e-01
  +1.23006459885480978755e-01-j1.80067814668299991387e-01
  +1.15749577043056633974e-01-j2.26790490591531918030e-01
  +9.80615066874850338507e-02-j2.80804492663032978506e-01
  +6.58079307964464926828e-02-j3.40644285428513549085e-01
  +1.45422192518323625809e-02-j4.02928770072152886428e-01
  -5.95805459517790847457e-02-j4.61782149746387204914e-01
  -1.58324241335538240527e-01-j5.08734003046102278844e-01
  -2.79622089581547328407e-01-j5.33628105122090246049e-01
  -4.16374953874738773507e-01-j5.26830751631944704805e-01
  -5.56862488070633432358e-01-j4.82241030989759178471e-01
  -6.87214787319787356878e-01-j3.99688339990725782780e-01
  -7.95031405548894953839e-01-j2.85250829584339449241e-01
  -8.72322912497440539070e-01-j1.49256452983577370119e-01
  -9.16475242691730640487e-01-j3.19507586842326940513e-03
  -9.29330326639420722934e-01+j1.42873475537341004804e-01
  -9.15397918497246276814e-01+j2.81610723381923389042e-01
  -8.80171528270765612945e-01+j4.08513693528364751906e-01
  -8.28999647558928964841e-01+j5.21384371008603575426e-01
  -7.66522951486273251831e-01+j6.19627608070560720321e-01
  -6.96503844829134299843e-01+j7.03634320134881363629e-01
  -6.21867145970098178509e-01+j7.74331230273037296463e-01
  -5.44826569682593353505e-01+j8.32887826399997699411e-01
  -4.67028105682946670374e-01+j8.80541432299062787337e-01
  -3.89679552069146895033e-01+j9.18500919218928402188e-01
  -3.13656440505264977325e-01+j9.47898806516691005974e-01
  -2.39584327432666527313e-01+j9.69771375626431453298e-01
  -1.67901041544499640690e-01+j9.85054095921664374380e-01
  -9.89031989666235011871e-02+j9.94584864109498867357e-01
  -3.27808586486425523887e-02+j9.99110824231804084405e-01
  +3.03565809492950151871e-02+j9.99296482149389153626e-01
  +9.04608998714627882132e-02+j9.95731944236079136168e-01
  +1.47530271743832125386e-01+j9.88940727421856569102e-01
  +2.01597936931800753024e-01+j9.79386916783932304220e-01
  +2.52723445251769596176e-01+j9.67481614166731285209e-01
  +3.00985830252685215846e-01+j9.53588700538140932039e-01
  +3.46478254011934272416e-01+j9.38029967729486768846e-01
  +3.89303785796117574058e-01+j9.21089684918346640607e-01
  +4.29572065561874438799e-01+j9.03018664069728194121e-01
  +4.67396665391727084149e-01+j8.84037882962283250166e-01
</dep>
<dep S[2,1] frequency>
  +2.09388167388762264730e-06+j6.87114618617855601800e-06
  +2.60540087861368773711e-06+j8.22261355050340277291e-06
  +3.24167250484456301920e-06+j9.83734691349297916290e-06
  +4.03305078319707519256e-06+j1.17658738921272565658e-05
  +5.01725117954726401639e-06+j1.40681932593058513638e-05
  +6.24112715894783229959e-06+j1.68154815896383742204e-05
  +7.76287288855698911594e-06+j2.00920861397391506929e-05
  +9.65475297296855205988e-06+j2.39978451169147606310e-05
  +1.20064839516707807046e-05+j2.86507800437519000386e-05
  +1.49294213236379082454e-05+j3.41902078383445737404e-05
  +1.85617414852466434136e-05+j4.07803219840676762142e-05
  +2.30748516054182534630e-05+j4.86142920283517829738e-05
  +2.86813138337824702318e-05+j5.79189276084314495232e-05
  +3.56446353964956854938e-05+j6.89599458501287442339e-05
  +4.42913555203732183917e-05+j8.20478674073704000204e-05
  +5.50259566213396201628e-05+j9.75445440100013529995e-05
  +6.83492441757401527616e-05+j1.15870285673445050649e-04
  +8.48809810840731672520e-05+j1.37511504024419875742e-04
  +1.05387732634207125209e-04+j1.63028713295290954462e-04
  +1.30817082456267323298e-04+j1.93064624199965810623e-04
  +1.62339623758332669617e-04+j2.28351917262568237946e-04
  +2.01400419693040509976e-04+j2.69720076952009474736e-04
  +2.49781968179633008607e-04+j3.18100387494867011158e-04
  +3.09681105931356587257e-04+j3.74527811123077979203e-04
  +3.83802748969053100347e-04+j4.40137958084473198111e-04
  +4.75473895748416053222e-04+j5.16156673979394683277e-04
  +5.88781913831712693137e-04+j6.03878860953320972457e-04
  +7.28741785423928025052e-04+j7.04631946940653328126e-04
  +9.01497685071436447024e-04+j8.19717834442875012066e-04
  +1.11456497347589794482e-03+j9.50325086300569141055e-04
  +1.37711936120635952685e-03+j1.09740039999039356612e-03
  +1.70034053794783303511e-03+j1.26146490704455460120e-03
  +2.09781784014540732125e-03+j1.44235628877560271253e-03
  +2.58602533365411739810e-03+j1.63887184907874640903e-03
  +3.18487270497997722318e-03+j1.84828019324513571041e-03
  +3.91833612115806331072e-03+j2.06565962222744889040e-03
  +4.81516905476971849437e-03+j2.28300928409592507676e-03
  +5.90968598899725954671e-03+j2.48806397670761798857e-03
  +7.24260048949207368985e-03+j2.66272466321906169442e-03
  +8.86188129915416698823e-03+j2.78099363468306201574e-03
  +1.08235629296766552171e-02+j2.80627531538561519539e-03
  +1.31924064729016451980e-02+j2.68787072857780895072e-03
  +1.60422460244282819031e-02+j2.35645604313017287268e-03
  +1.94557676674575394382e-02+j1.71829512824556835358e-03
  +2.35233393659420655930e-02+j6.47896848232840430991e-04
  +2.83403245488633367954e-02-j1.02120133226289472490e-03
  +3.40020465644173333630e-02-j3.50784408178243280185e-03
  +4.05951948726575306825e-02-j7.09712780001242344446e-03
  +4.81839383579629465526e-02-j1.21568223930473874594e-02
  +5.67882937783616842387e-02-j1.91560518921445217810e-02
  +6.63513546025362027647e-02-j2.86851649192194253779e-02
  +7.66908295076744322971e-02-j4.14742693192292621873e-02
  +8.74291155329403740781e-02-j5.84052964865711260467e-02
  +9.78953051888266229108e-02-j8.05079919716211872549e-02
  +1.06993265609947901806e-01-j1.08922973718601254212e-01
  +1.13034763230876383888e-01-j1.44804124334796446849e-01
  +1.13550386138472833575e-01-j1.89118465944799446499e-01
  +1.05121551362508461325e-01-j2.42288795377402971232e-01
  +8.33330204316145572996e-02-j3.03627161190246741551e-01
  +4.30267017109534841146e-02-j3.70557770422060728244e-01
  -2.08923120824015089159e-02-j4.37774636483570622758e-01
  -1.11898600783874743736e-01-j4.96746890813189512226e-01
  -2.29689151445288952669e-01-j5.36260287872550089894e-01
  -3.68270645325421863703e-01-j5.44601165956450472549e-01
  -5.15717614869584006776e-01-j5.13132901752459957834e-01
  -6.56576087800871954769e-01-j4.39662275505648347806e-01
  -7.76155895322072630904e-01-j3.29497373729806586340e-01
  -8.64411143342192156425e-01-j1.93466813488020306089e-01
  -9.17477283463439263755e-01-j4.42664381083143279594e-02
  -9.36767672254823824396e-01+j1.06765648588038927769e-01
  -9.26889184995546289159e-01+j2.51294955107493278579e-01
  -8.93648505868643638905e-01+j3.84170313723212586421e-01
  -8.42733287721400881054e-01+j5.02813447658025047815e-01
  -7.79073639933998141061e-01+j6.06412277578068037442e-01
  -7.06660910723583390869e-01+j6.95226478981205375796e-01
  -6.28601956552838236902e-01+j7.70092989876525080284e-01
  -5.47262415603578356027e-01+j8.32112453202349500181e-01
  -4.64422580490381708973e-01+j8.82466800143531182599e-01
  -3.81414177349522931504e-01+j9.22321225184518200813e-01
  -2.99229562178667751748e-01+j9.52776361880145805650e-01
  -2.18604873426664070291e-01+j9.74848525315254010870e-01
  -1.40081949544909878380e-01+j9.89464736434703562296e-01
  -6.40541065856828767400e-02+j9.97464986983999657433e-01
  +9.19991518426724851076e-03+j9.99607669016110200744e-01
  +7.94905312850874429254e-02+j9.96576078013709731884e-01
  +1.46698012529324073316e-01+j9.88984987265791315458e-01
  +2.10757599021517194604e-01+j9.77386862318517013470e-01
  +2.71647837358794830287e-01+j9.62277568462803767346e-01
  +3.29381311422751454909e-01+j9.44101555177485729509e-01
  +3.83997186090411390946e-01+j9.23256554255828532085e-01
  +4.35555152454707605880e-01+j9.00097843661244900737e-01
  +4.84130477772066247777e-01+j8.74942128180790201775e-01
  +5.29809941233016834516e-01+j8.48071081176998142759e-01
  +5.72688490101116443043e-01+j8.19734584001812982557e-01
  +6.12866488065099468407e-01+j7.90153692855196321254e-01
  +6.50447454267268243555e-01+j7.59523357579147795349e-01
  +6.85536210977063631411e-01+j7.28014913005597619211e-01
  +7.18237372584833444478e-01+j6.95778360742831725183e-01
  +7.48654119991535749179e-01+j6.62944457378811691228e-01
  +7.76887213533716369795e-01+j6.29626623733295698315e-01
  +8.03034204942439044927e-01+j5.95922688799623401223e-01
  +8.27188814910620129339e-01+j5.61916481238101006568e-01
  +8.49440447921416486032e-01+j5.27679280621961233066e-01
  +8.69873820271857667308e-01+j4.93271140036693922504e-01
  +8.88568680857007575646e-01+j4.58742091062548595914e-01
  +9.05599607370915715698e-01+j4.24133241613317446550e-01
  +9.21035863218056527479e-01+j3.89477776557664745471e-01
  +9.34941302682424257853e-01+j3.54801870513611228297e-01
  +9.47374313828889924594e-01+j3.20125521686657532605e-01
  +9.58387790261003402748e-01+j2.85463315122747585129e-01
  +9.68029124272842822485e-01+j2.50825123274336869716e-01
  +9.76340215145100276395e-01+j2.16216751336064633149e-01
  +9.83357487378192618444e-01+j1.81640534400030473350e-01
  +9.89111914554733351324e-01+j1.47095893112728415275e-01
  +9.93629045303452529403e-01+j1.12579854188818592742e-01
  +9.96929028517487991756e-01+j7.80875418529190928885e-02
  +9.99026635580105071277e-01+j4.36126460408489194376e-02
  +9.99931277886875080618e-01+j9.14787299716298199503e-03
  +9.99647018440067092193e-01-j2.53146162429948688721e-02
  +9.98172576742255235338e-01-j5.97827741021909192520e-02
  +9.95501326644880113470e-01-j9.42642361094867126114e-02
  +9.91621287226117753555e-01-j1.28765886628949777215e-01
  +9.86515107193157159138e-01-j1.63293415308636863381e-01
  +9.80160043739041864086e-01-j1.97850858804652390832e-01
  +9.72527937246426499307e-01-j2.32440122200552767850e-01
  +9.63585183733248751281e-01-j2.67060474359426758273e-01
  +9.53292707492880864173e-01-j3.01708011213945859197e-01
  +9.41605937009905247237e-01-j3.36375080718029517701e-01
  +9.28474787950022584226e-01-j3.71049662852104555899e-01
  +9.13843657849038870644e-01-j4.05714697691997971951e-01
  +8.97651438084916208915e-01-j4.40347354119092537772e-01
  +8.79831549835343618149e-01-j4.74918231266685753056e-01
  +8.60312012033193407312e-01-j5.09390484264978460338e-01
  +8.39015550870896631430e-01-j5.43718865265384598828e-01
  +8.15859762217048478661e-01-j5.77848670095042260542e-01
  +7.90757340448177470371e-01-j6.11714580215237613281e-01
  +7.63616389731230249538e-01-j6.45239388933608992716e-01
  +7.34340836798806018137e-01-j6.78332600048713985075e-01
  +7.02830967841235221272e-01-j7.10888886283685961232e-01
  +6.68984116427344344125e-01-j7.42786393985949922047e-01
  +6.32695534529487013664e-01-j7.73884879618263799017e-01
  +5.93859484996597797313e-01-j8.04023662518922210829e-01
  +5.52370601505164149359e-01-j8.33019377229285096220e-01
  +5.08125571563056266378e-01-j8.60663507324131327181e-01
  +4.61025210177054445282e-01-j8.86719681072791421350e-01
  +4.10977007243006842163e-01-j9.10920707348731872877e-01
  +3.57898251936480615853e-01-j9.32965327978330205561e-01
  +3.01719864388201308714e-01-j9.52514660296643334014e-01
  +2.42391101721847745942e-01-j9.69188301501380577996e-01
  +1.79885356556605841005e-01-j9.82560065596493781293e-01
  +1.14207337860753072034e-01-j9.92153326802398316531e-01
  +4.54020260205170236856e-02-j9.97435955430342024997e-01
  -2.64340605429888020339e-02-j9.97814863416080388703e-01
  -1.01138542920273175052e-01-j9.92630245843682978979e-01
  -1.78464767945963775908e-01-j9.81149746217489182598e-01
  -2.58057867076860736333e-01-j9.62563047815305106170e-01
  -3.39423322707783692298e-01-j9.35977905957130151826e-01
  -4.21885427258872292011e-01-j9.00419560923198969427e-01
  -5.04532335875201298769e-01-j8.54837086342522534110e-01
  -5.86143959695908600693e-01-j7.98122945981858844533e-01
  -6.65099369170923160333e-01-j7.29156394612589853210e-01
  -7.39263049679679151716e-01-j6.46887891904724510184e-01
  -8.05856884065066836342e-01-j5.50490395331259096956e-01
  -8.61341434348648959940e-01-j4.39612377289150091375e-01
  -9.01361494640408378309e-01-j3.14770128484337552432e-01
  -9.20859998442426941345e-01-j1.77897864848909903479e-01
  -9.14520376763659714747e-01-j3.30062204959550228867e-02
  -8.77714577446455979093e-01+j1.13245420471137794860e-01
  -8.08015390149646739459e-01+j2.51464267902077986960e-01
  -7.06975612644539452845e-01+j3.70456496187793804520e-01
  -5.81353488604722357103e-01+j4.59466405962228596760e-01
  -4.42717444567638562791e-01+j5.11223064508260716110e-01
  -3.04981085999391776653e-01+j5.24377349002708159631e-01
  -1.80781013423862824130e-01+j5.03860351285787766429e-01
  -7.85226160319333343907e-02+j4.58922048224145617823e-01
  -1.39477182999707188457e-03+j4.00076212283199172948e-01
  +5.17381747428380181497e-02+j3.36534508260931342072e-01
  +8.45797871588040983681e-02+j2.74933284437134051181e-01
  +1.01750753576921079691e-01+j2.19229165869521430698e-01
  +1.07692858840892136119e-01+j1.71231335245068255757e-01
  +1.06136475800072058173e-01+j1.31298288893154008194e-01
  +9.99565180604563841005e-02+j9.89435807103539177731e-02
  +9.12347637810227013455e-02+j7.32708432097655959492e-02
  +8.14028443213261621025e-02+j5.32489862718857551172e-02
  +7.13970660282578911682e-02+j3.78681062303182700002e-02
  +6.17947267852157894330e-02+j2.62167853619301796653e-02
  +5.29227831507342802442e-02+j1.75119661197706139033e-02
  +4.49395722023850155424e-02+j1.11024283164321245498e-02
  +3.78939324546771483249e-02+j6.45896581081081659625e-03
  +3.17667502417855671104e-02+j3.15893930529433011184e-03
  +2.64994390548468246316e-02+j8.69447457536228385418e-04
  +2.20129867255530776993e-02-j6.68709462513736373028e-04
  +1.82203410034799742623e-02-j1.65529332736653812981e-03
  +1.50341749119337706603e-02-j2.24279964278965024752e-03
  +1.23715027258765424001e-02-j2.54656191903477983896e-03
  +1.01561891903886349076e-02-j2.65297767444857375205e-03
  +8.32008123844807899461e-03-j2.62610762681109860539e-03
  +6.80326597054636827977e-03-j2.51290875147551062002e-03
  +5.55379834534701528892e-03-j2.34734440825214163429e-03
  +4.52712917345458269042e-03-j2.15358586426308857426e-03
  +3.68538527401550842361e-03-j1.94848752633389101646e-03
</dep>
<dep S[1,2] frequency>
  +2.09388167388762264730e-06+j6.87114618617855601800e-06
  +2.60540087861368773711e-06+j8.22261355050340277291e-06
  +3.24167250484456301920e-06+j9.83734691349297916290e-06
  +4.03305078319707519256e-06+j1.17658738921272565658e-05
  +5.01725117954726401639e-06+j1.40681932593058513638e-05
  +6.24112715894783229959e-06+j1.68154815896383742204e-05
  +7.76287288855698911594e-06+j2.00920861397391506929e-05
  +9.65475297296855205988e-06+j2.39978451169147606310e-05
  +1.20064839516707807046e-05+j2.86507800437519000386e-05
  +1.49294213236379082454e-05+j3.41902078383445737404e-05
  +1.85617414852466434136e-05+j4.07803219840676762142e-05
  +2.30748516054182534630e-05+j4.86142920283517829738e-05
  +2.86813138337824702318e-05+j5.79189276084314495232e-05
  +3.56446353964956854938e-05+j6.89599458501287442339e-05
  +4.42913555203732183917e-05+j8.20478674073704000204e-05
  +5.50259566213396201628e-05+j9.75445440100013529995e-05
  +6.83492441757401527616e-05+j1.15870285673445050649e-04
  +8.48809810840731672520e-05+j1.37511504024419875742e-04
  +1.05387732634207125209e-04+j1.63028713295290954462e-04
  +1.30817082456267323298e-04+j1.93064624199965810623e-04
  +1.62339623758332669617e-04+j2.28351917262568237946e-04
  +2.01400419693040509976e-04+j2.69720076952009474736e-04
  +2.49781968179633008607e-04+j3.18100387494867011158e-04
  +3.09681105931356587257e-04+j3.74527811123077979203e-04
  +3.83802748969053100347e-04+j4.40137958084473198111e-04
  +4.75473895748416053222e-04+j5.16156673979394683277e-04
  +5.88781913831712693137e-04+j6.03878860953320972457e-04
  +7.28741785423928025052e-04+j7.04631946940653328126e-04
  +9.01497685071436447024e-04+j8.19717834442875012066e-04
  +1.11456497347589794482e-03+j9.50325086300569141055e-04
  +1.37711936120635952685e-03+j1.09740039999039356612e-03
  +1.70034053794783303511e-03+j1.26146490704455460120e-03
  +2.09781784014540732125e-03+j1.44235628877560271253e-03
  +2.58602533365411739810e-03+j1.63887184907874640903e-03
  +3.18487270497997722318e-03+j1.84828019324513571041e-03
  +3.91833612115806331072e-03+j2.06565962222744889040e-03
  +4.81516905476971849437e-03+j2.28300928409592507676e-03
  +5.90968598899725954671e-03+j2.48806397670761798857e-03
  +7.24260048949207368985e-03+j2.66272466321906169442e-03
  +8.86188129915416698823e-03+j2.78099363468306201574e-03
  +1.08235629296766552171e-02+j2.80627531538561519539e-03
  +1.31924064729016451980e-02+j2.68787072857780895072e-03
  +1.60422460244282819031e-02+j2.35645604313017287268e-03
  +1.94557676674575394382e-02+j1.71829512824556835358e-03
  +2.35233393659420655930e-02+j6.47896848232840430991e-04
  +2.83403245488633367954e-02-j1.02120133226289472490e-03
  +3.40020465644173333630e-02-j3.50784408178243280185e-03
  +4.05951948726575306825e-02-j7.09712780001242344446e-03
  +4.81839383579629465526e-02-j1.21568223930473874594e-02
  +5.67882937783616842387e-02-j1.91560518921445217810e-02
  +6.63513546025362027647e-02-j2.86851649192194253779e-02
  +7.66908295076744322971e-02-j4.14742693192292621873e-02
  +8.74291155329403740781e-02-j5.84052964865711260467e-02
  +9.78953051888266229108e-02-j8.05079919716211872549e-02
  +1.06993265609947901806e-01-j1.08922973718601254212e-01
  +1.13034763230876383888e-01-j1.44804124334796446849e-01
  +1.13550386138472833575e-01-j1.89118465944799446499e-01
  +1.05121551362508461325e-01-j2.42288795377402971232e-01
  +8.33330204316145572996e-02-j3.03627161190246741551e-01
  +4.30267017109534841146e-02-j3.70557770422060728244e-01
  -2.08923120824015089159e-02-j4.37774636483570622758e-01
  -1.11898600783874743736e-01-j4.96746890813189512226e-01
  -2.29689151445288952669e-01-j5.36260287872550089894e-01
  -3.68270645325421863703e-01-j5.44601165956450472549e-01
  -5.15717614869584006776e-01-j5.13132901752459957834e-01
  -6.56576087800871954769e-01-j4.39662275505648347806e-01
  -7.76155895322072630904e-01-j3.29497373729806586340e-01
  -8.64411143342192156425e-01-j1.93466813488020306089e-01
  -9.17477283463439263755e-01-j4.42664381083143279594e-02
  -9.36767672254823824396e-01+j1.06765648588038927769e-01
  -9.26889184995546289159e-01+j2.51294955107493278579e-01
  -8.93648505868643638905e-01+j3.84170313723212586421e-01
  -8.42733287721400881054e-01+j5.02813447658025047815e-01
  -7.79073639933998141061e-01+j6.06412277578068037442e-01
  -7.06660910723583390869e-01+j6.95226478981205375796e-01
  -6.28601956552838236902e-01+j7.70092989876525080284e-01
  -5.47262415603578356027e-01+j8.32112453202349500181e-01
  -4.64422580490381708973e-01+j8.82466800143531182599e-01
  -3.81414177349522931504e-01+j9.22321225184518200813e-01
  -2.99229562178667751748e-01+j9.52776361880145805650e-01
  -2.18604873426664070291e-01+j9.74848525315254010870e-01
  -1.40081949544909878380e-01+j9.89464736434703562296e-01
  -6.40541065856828767400e-02+j9.97464986983999657433e-01
  +9.19991518426724851076e-03+j9.99607669016110200744e-01
  +7.94905312850874429254e-02+j9.96576078013709731884e-01
  +1.46698012529324073316e-01+j9.88984987265791315458e-01
  +2.10757599021517194604e-01+j9.77386862318517013470e-01
  +2.71647837358794830287e-01+j9.62277568462803767346e-01
  +3.29381311422751454909e-01+j9.44101555177485729509e-01
  +3.83997186090411390946e-01+j9.23256554255828532085e-01
  +4.35555152454707605880e-01+j9.00097843661244900737e-01
  +4.84130477772066247777e-01+j8.74942128180790201775e-01
  +5.29809941233016834516e-01+j8.48071081176998142759e-01
  +5.72688490101116443043e-01+j8.19734584001812982557e-01
  +6.12866488065099468407e-01+j7.90153692855196321254e-01
  +6.50447454267268243555e-01+j7.59523357579147795349e-01
  +6.85536210977063631411e-01+j7.28014913005597619211e-01
  +7.18237372584833444478e-01+j6.95778360742831725183e-01
  +7.48654119991535749179e-01+j6.62944457378811691228e-01
  +7.76887213533716369795e-01+j6.29626623733295698315e-01
  +8.03034204942439044927e-01+j5.95922688799623401223e-01
  +8.27188814910620129339e-01+j5.61916481238101006568e-01
  +8.49440447921416486032e-01+j5.27679280621961233066e-01
  +8.69873820271857667308e-01+j4.93271140036693922504e-01
  +8.88568680857007575646e-01+j4.58742091062548595914e-01
  +9.05599607370915715698e-01+j4.24133241613317446550e-01
  +9.21035863218056527479e-01+j3.89477776557664745471e-01
  +9.34941302682424257853e-01+j3.54801870513611228297e-01
  +9.47374313828889924594e-01+j3.20125521686657532605e-01
  +9.58387790261003402748e-01+j2.85463315122747585129e-01
  +9.68029124272842822485e-01+j2.50825123274336869716e-01
  +9.76340215145100276395e-01+j2.16216751336064633149e-01
  +9.83357487378192618444e-01+j1.81640534400030473350e-01
  +9.89111914554733351324e-01+j1.47095893112728415275e-01
  +9.93629045303452529403e-01+j1.12579854188818592742e-01
  +9.96929028517487991756e-01+j7.80875418529190928885e-02
  +9.99026635580105071277e-01+j4.36126460408489194376e-02
  +9.99931277886875080618e-01+j9.14787299716298199503e-03
  +9.99647018440067092193e-01-j2.53146162429948688721e-02
  +9.98172576742255235338e-01-j5.97827741021909192520e-02
  +9.95501326644880113470e-01-j9.42642361094867126114e-02
  +9.91621287226117753555e-01-j1.28765886628949777215e-01
  +9.86515107193157159138e-01-j1.63293415308636863381e-01
  +9.80160043739041864086e-01-j1.97850858804652390832e-01
  +9.72527937246426499307e-01-j2.32440122200552767850e-01
  +9.63585183733248751281e-01-j2.67060474359426758273e-01
  +9.53292707492880864173e-01-j3.01708011213945859197e-01
  +9.41605937009905247237e-01-j3.36375080718029517701e-01
  +9.28474787950022584226e-01-j3.71049662852104555899e-01
  +9.13843657849038870644e-01-j4.05714697691997971951e-01
  +8.97651438084916208915e-01-j4.40347354119092537772e-01
  +8.79831549835343618149e-01-j4.74918231266685753056e-01
  +8.60312012033193407312e-01-j5.09390484264978460338e-01
  +8.39015550870896631430e-01-j5.43718865265384598828e-01
  +8.15859762217048478661e-01-j5.77848670095042260542e-01
  +7.90757340448177470371e-01-j6.11714580215237613281e-01
  +7.63616389731230249538e-01-j6.45239388933608992716e-01
  +7.34340836798806018137e-01-j6.78332600048713985075e-01
  +7.02830967841235221272e-01-j7.10888886283685961232e-01
  +6.68984116427344344125e-01-j7.42786393985949922047e-01
  +6.32695534529487013664e-01-j7.73884879618263799017e-01
  +5.93859484996597797313e-01-j8.04023662518922210829e-01
  +5.52370601505164149359e-01-j8.33019377229285096220e-01
  +5.08125571563056266378e-01-j8.60663507324131327181e-01
  +4.61025210177054445282e-01-j8.86719681072791421350e-01
  +4.10977007243006842163e-01-j9.10920707348731872877e-01
  +3.57898251936480615853e-01-j9.32965327978330205561e-01
  +3.01719864388201308714e-01-j9.52514660296643334014e-01
  +2.42391101721847745942e-01-j9.69188301501380577996e-01
  +1.79885356556605841005e-01-j9.82560065596493781293e-01
  +1.14207337860753072034e-01-j9.92153326802398316531e-01
  +4.54020260205170236856e-02-j9.97435955430342024997e-01
  -2.64340605429888020339e-02-j9.97814863416080388703e-01
  -1.01138542920273175052e-01-j9.92630245843682978979e-01
  -1.78464767945963775908e-01-j9.81149746217489182598e-01
  -2.58057867076860736333e-01-j9.62563047815305106170e-01
  -3.39423322707783692298e-01-j9.35977905957130151826e-01
  -4.21885427258872292011e-01-j9.00419560923198969427e-01
  -5.04532335875201298769e-01-j8.54837086342522534110e-01
  -5.86143959695908600693e-01-j7.98122945981858844533e-01
  -6.65099369170923160333e-01-j7.29156394612589853210e-01
  -7.39263049679679151716e-01-j6.46887891904724510184e-01
  -8.05856884065066836342e-01-j5.50490395331259096956e-01
  -8.61341434348648959940e-01-j4.39612377289150091375e-01
  -9.01361494640408378309e-01-j3.14770128484337552432e-01
  -9.20859998442426941345e-01-j1.77897864848909903479e-01
  -9.14520376763659714747e-01-j3.30062204959550228867e-02
  -8.77714577446455979093e-01+j1.13245420471137794860e-01
  -8.08015390149646739459e-01+j2.51464267902077986960e-01
  -7.06975612644539452845e-01+j3.70456496187793804520e-01
  -5.81353488604722357103e-01+j4.59466405962228596760e-01
  -4.42717444567638562791e-01+j5.11223064508260716110e-01
  -3.04981085999391776653e-01+j5.24377349002708159631e-01
  -1.80781013423862824130e-01+j5.03860351285787766429e-01
  -7.85226160319333343907e-02+j4.58922048224145617823e-01
  -1.39477182999707188457e-03+j4.00076212283199172948e-01
  +5.17381747428380181497e-02+j3.36534508260931342072e-01
  +8.45797871588040983681e-02+j2.74933284437134051181e-01
  +1.01750753576921079691e-01+j2.19229165869521430698e-01
  +1.07692858840892136119e-01+j1.71231335245068255757e-01
  +1.06136475800072058173e-01+j1.31298288893154008194e-01
  +9.99565180604563841005e-02+j9.89435807103539177731e-02
  +9.12347637810227013455e-02+j7.32708432097655959492e-02
  +8.14028443213261621025e-02+j5.32489862718857551172e-02
  +7.13970660282578911682e-02+j3.78681062303182700002e-02
  +6.17947267852157894330e-02+j2.62167853619301796653e-02
  +5.29227831507342802442e-02+j1.75119661197706139033e-02
  +4.49395722023850155424e-02+j1.11024283164321245498e-02
  +3.78939324546771483249e-02+j6.45896581081081659625e-03
  +3.17667502417855671104e-02+j3.15893930529433011184e-03
  +2.64994390548468246316e-02+j8.69447457536228385418e-04
  +2.20129867255530776993e-02-j6.68709462513736373028e-04
  +1.82203410034799742623e-02-j1.65529332736653812981e-03
  +1.50341749119337706603e-02-j2.24279964278965024752e-03
  +1.23715027258765424001e-02-j2.54656191903477983896e-03
  +1.01561891903886349076e-02-j2.65297767444857375205e-03
  +8.32008123844807899461e-03-j2.62610762681109860539e-03
  +6.80326597054636827977e-03-j2.51290875147551062002e-03
  +5.55379834534701528892e-03-j2.34734440825214163429e-03
  +4.52712917345458269042e-03-j2.15358586426308857426e-03
  +3.68538527401550842361e-03-j1.94848752633389101646e-03
</dep>
<dep S[1,1] frequency>
  +9.56570543855203569983e-01-j2.91500934092779218076e-01
  +9.53289716383520890908e-01-j3.02057472284707140275e-01
  +9.49762220993454642226e-01-j3.12972400486525914598e-01
  +9.45969699727286839064e-01-j3.24255033951927618130e-01
  +9.41892458507321728156e-01-j3.35914567091018245737e-01
  +9.37509374810406193035e-01-j3.47960014686873542189e-01
  +9.32797799790138326692e-01-j3.60400144620840467979e-01
  +9.27733454660996326169e-01-j3.73243401058427848316e-01
  +9.22290321183239392155e-01-j3.86497816923581871684e-01
  +9.16440526120444576286e-01-j4.00170914350637008106e-01
  +9.10154219584656365427e-01-j4.14269591648568802356e-01
  +9.03399447239460862136e-01-j4.28799995139503731245e-01
  +8.96142016401323404651e-01-j4.43767374040668238777e-01
  +8.88345356167204336373e-01-j4.59175916343778411921e-01
  +8.79970371805295248357e-01-j4.75028563405689996380e-01
  +8.70975293779893799950e-01-j4.91326800696067989005e-01
  +8.61315521945908768586e-01-j5.08070421848688336119e-01
  +8.50943465649186991939e-01-j5.25257262829136095661e-01
  +8.39808380712813162816e-01-j5.42882902659115540445e-01
  +8.27856204585174948463e-01-j5.60940326721809823241e-01
  +8.15029391282898862947e-01-j5.79419548208615298179e-01
  +8.01266748192786204541e-01-j5.98307182749387544973e-01
  +7.86503277315926729862e-01-j6.17585970689440433290e-01
  +7.70670024161551503461e-01-j6.37234240829355425006e-01
  +7.53693938248690797899e-01-j6.57225308719320611139e-01
  +7.35497750075566725236e-01-j6.77526801787679544553e-01
  +7.15999870500604540524e-01-j6.98099902671026506518e-01
  +6.95114319782741407749e-01-j7.18898501084962893160e-01
  +6.72750695099091688967e-01-j7.39868243411139214771e-01
  +6.48814187253635710206e-01-j7.60945467852693457900e-01
  +6.23205659585840843206e-01-j7.82056011494575598064e-01
  +5.95821804879084870876e-01-j8.03113873855366255938e-01
  +5.66555399481437071962e-01-j8.24019719477073309122e-01
  +5.35295678054463652806e-01-j8.44659199694319351437e-01
  +5.01928857589052923593e-01-j8.64901070854654729914e-01
  +4.66338845890417852402e-01-j8.84595082795490039729e-01
  +4.28408178089328406379e-01-j9.03569607148096309857e-01
  +3.88019235533070494526e-01-j9.21628969816753684796e-01
  +3.45055815594236425792e-01-j9.38550445506320940581e-01
  +2.99405139902200967406e-01-j9.54080864148520335632e-01
  +2.50960414319301272634e-01-j9.67932769229891354357e-01
  +1.99624089733682202885e-01-j9.79780056216903783017e-01
  +1.45312023022142355888e-01-j9.89253005768807591735e-01
  +8.79588091925413151362e-02-j9.95932612404951900231e-01
  +2.75246588598150321303e-02-j9.99344097840878298200e-01
  -3.59956553996756967173e-02-j9.98949496193202057803e-01
  -1.02561043547531371978e-01-j9.94139219730199918956e-01
  -1.72068480015346803036e-01-j9.84222586164049340063e-01
  -2.44332022272063797974e-01-j9.68417463001397305078e-01
  -3.19054340045922590896e-01-j9.45839554820747330233e-01
  -3.95787789442946014162e-01-j9.15492591332028760043e-01
  -4.73881017482907285210e-01-j8.76262051513829631766e-01
  -5.52405959175674365902e-01-j8.26917545687988475578e-01
  -6.30059342826123636172e-01-j7.66133276243889826951e-01
  -7.05033596032077602977e-01-j6.92543035035725562665e-01
  -7.74856854198613387297e-01-j6.04856812293952161852e-01
  -8.36215438961097623505e-01-j5.02079929184177875534e-01
  -8.84802489970096250893e-01-j3.83888203539030081757e-01
  -9.15292235779455287670e-01-j2.51209629224560582195e-01
  -9.21620304005298818240e-01-j1.07012415003545163783e-01
  -8.97820122716304069854e-01+j4.28474759257856385730e-02
  -8.39612845371788929505e-01+j1.89133549368511955091e-01
  -7.46597887360344936170e-01+j3.19780224448392269565e-01
  -6.24197117394154843417e-01+j4.22095084628217653844e-01
  -4.83923968328155040819e-01+j4.86361552479076697519e-01
  -3.41000571957971398973e-01+j5.09238190191617312585e-01
  -2.10077892562336554505e-01+j4.94854307769994228305e-01
  -1.01358196875603337461e-01+j4.52869167940104733194e-01
  -1.90511143043421149468e-02+j3.94858166725110870665e-01
  +3.77390082077321831200e-02+j3.31124133459568315008e-01
  +7.29526104229984151406e-02+j2.69082145279622819700e-01
  +9.16108695151706120541e-02+j2.13103182987073508370e-01
  +9.85299054908679167175e-02+j1.65139638925631854205e-01
  +9.77162596215945256084e-02+j1.25538622615256140191e-01
  +9.22183836354958375026e-02+j9.37351049413611137062e-02
  +8.42105163541714829556e-02+j6.87383160714714336326e-02
  +7.51611764796631387497e-02+j4.94318848871558302882e-02
  +6.60091350576502283731e-02+j3.47391344744366337149e-02
  +5.73149568847565321628e-02+j2.37018692979220901851e-02
  +4.93798261028630253167e-02+j1.55082602134047620179e-02
  +4.23337060650965379960e-02+j9.49312043432501417861e-03
  +3.61983419687221114058e-02+j5.12472463803326228060e-03
  +3.09309847101020170268e-02+j1.98629186715762462434e-03
  +2.64539283930415383694e-02-j2.43469418103159362943e-04
  +2.26738904187121850797e-02-j1.80855193642170952728e-03
  +1.94942710712447016264e-02-j2.89162207584733876864e-03
  +1.68225161253284238860e-02-j3.62750231741876261182e-03
  +1.45741789591154972255e-02-j4.11424346287948827783e-03
  +1.26748113263199218420e-02-j4.42203061080052861609e-03
  +1.10604706526592697080e-02-j4.60022686855443563303e-03
  +9.67738584185030663309e-03-j4.68286341911994252740e-03
  +8.48114827749900379583e-03-j4.69286165952334521911e-03
  +7.43567091479308082264e-03-j4.64523842143889365008e-03
  +6.51207181282826511742e-03-j4.54950742191732870889e-03
  +5.68757866550040260684e-03-j4.41145361192155083252e-03
  +4.94451017992922695066e-03-j4.23442416489278050662e-03
  +4.26936295943198922120e-03-j4.02025130833047472656e-03
  +3.65201484845123188275e-03-j3.76989814197724315559e-03
  +3.08504459281881563207e-03-j3.48389871740288625812e-03
  +2.56316108612803829347e-03-j3.16264751041309133406e-03
  +2.08273193600776000689e-03-j2.80658047725822895613e-03
  +1.64139955108912462094e-03-j2.41627963370749654359e-03
  +1.23777269239550512768e-03-j1.99252505994595985328e-03
  +8.71181949460158666990e-04-j1.53631199764240472527e-03
  +5.41488550496337659249e-04-j1.04884591230608448242e-03
  +2.48937070758650964841e-04-j5.31524746048755991623e-04
  -5.95618256142701682498e-06+j1.40851624333970804059e-05
  -2.22486147504649157958e-04+j5.86275061841362576942e-04
  -3.99819285568631067537e-04+j1.18321875533446835282e-03
  -5.37036110600528585751e-04+j1.80299472493552007113e-03
  -6.33160048660722169292e-04+j2.44360437036104244379e-03
  -6.87175959224702861614e-04+j3.10298586823708200111e-03
  -6.98041010452293267038e-04+j3.77902353344451366612e-03
  -6.64690065190394973292e-04+j4.46955281383629512981e-03
  -5.86037287672122749436e-04+j5.17236120847253469379e-03
  -4.60975310672788137802e-04+j5.88518549483034447700e-03
  -2.88372996662386419948e-04+j6.60570570237205452468e-03
  -6.70725722536894193061e-05+j7.33153629327425518381e-03
  +2.04113298215878602188e-04+j8.06021501676772167411e-03
  +5.26404117393550565786e-04+j8.78918989888670398880e-03
  +9.01053618157627157596e-04+j9.51580481925393475984e-03
  +1.32935121756662757465e-03+j1.02372841134346793251e-02
  +1.81262294369526045200e-03+j1.09507166239400828556e-02
  +2.35223207477698982928e-03+j1.16530396038071280135e-02
  +2.94957990364279071943e-03+j1.23410228504285939682e-02
  +3.60610723979495288033e-03+j1.30112534082567257027e-02
  +4.32329749641382349301e-03+j1.36601211186627002209e-02
  +5.10268249042460618481e-03+j1.42838052016343274031e-02
  +5.94585242106566731063e-03+j1.48782619108100214178e-02
  +6.85447189684253860298e-03+j1.54392130885762438042e-02
  +7.83030436253804272562e-03+j1.59621351324704813246e-02
  +8.87524784576421491011e-03+j1.64422474295930036436e-02
  +9.99138560212926157833e-03+j1.68744986722132728207e-02
  +1.11810559898462488770e-02+j1.72535485706579311271e-02
  +1.24469467400109522204e-02+j1.75737412460664557678e-02
  +1.37922196852785627214e-02+j1.78290649102561468697e-02
  +1.52206729232317976297e-02+j1.80130901898710171771e-02
  +1.67369482452560218444e-02+j1.81188764611889055467e-02
  +1.83467923339968239094e-02+j1.81388316257054885150e-02
  +2.00573805314414252421e-02+j1.80645056254587280109e-02
  +2.18777116170659653716e-02+j1.78862913727805550312e-02
  +2.38190805859770926567e-02+j1.75929983025193276136e-02
  +2.58956332625233896783e-02+j1.71712530495434223532e-02
  +2.81250008391919076312e-02+j1.66046683808608735999e-02
  +3.05290028358641725437e-02+j1.58727050378221629101e-02
  +3.31343917609833657489e-02+j1.49491311953821315317e-02
  +3.59735894529146504883e-02+j1.37999606148042491816e-02
  +3.90853302604900060269e-02+j1.23807234022944717688e-02
  +4.25150751680436062019e-02+j1.06328934158668175769e-02
  +4.63149872337325491101e-02+j8.47926583236080499972e-03
  +5.05431535623755562314e-02+j5.81805136313962023564e-03
  +5.52615908228039631744e-02+j2.51543787930710860401e-03
  +6.05323648225441907078e-02-j1.60362032597047288185e-03
  +6.64108707088987698652e-02-j6.76656663011104830829e-03
  +7.29349364823008439185e-02-j1.32663913583506709593e-02
  +8.01079060452373620249e-02-j2.14764896875556665634e-02
  +8.78732154370830548240e-02-j3.18663705316539758172e-02
  +9.60772153578485221814e-02-j4.50163221793287160466e-02
  +1.04416214425051528947e-01-j6.16273643350193911505e-02
  +1.12363205904206536756e-01-j8.25198858952682356982e-02
  +1.19070164912388073986e-01-j1.08609747038402870700e-01
  +1.23244561649967346306e-01-j1.40843802522754496520e-01
  +1.23006459885481173044e-01-j1.80067814668300102410e-01
  +1.15749577043056370296e-01-j2.26790490591531501696e-01
  +9.80615066874849089507e-02-j2.80804492663032645439e-01
  +6.58079307964465898273e-02-j3.40644285428513549085e-01
  +1.45422192518322376809e-02-j4.02928770072152997450e-01
  -5.95805459517788904567e-02-j4.61782149746387871048e-01
  -1.58324241335537990727e-01-j5.08734003046102500889e-01
  -2.79622089581547161874e-01-j5.33628105122090135026e-01
  -4.16374953874738606974e-01-j5.26830751631944593782e-01
  -5.56862488070633543380e-01-j4.82241030989759233982e-01
  -6.87214787319787578923e-01-j3.99688339990725782780e-01
  -7.95031405548894731794e-01-j2.85250829584339227196e-01
  -8.72322912497440761115e-01-j1.49256452983577425631e-01
  -9.16475242691731195599e-01-j3.19507586842326940513e-03
  -9.29330326639420722934e-01+j1.42873475537341337871e-01
  -9.15397918497245943747e-01+j2.81610723381923278019e-01
  -8.80171528270765834989e-01+j4.08513693528364973950e-01
  -8.28999647558928742797e-01+j5.21384371008603353381e-01
  -7.66522951486273251831e-01+j6.19627608070560498277e-01
  -6.96503844829134299843e-01+j7.03634320134881363629e-01
  -6.21867145970098178509e-01+j7.74331230273037185441e-01
  -5.44826569682593575550e-01+j8.32887826399997921456e-01
  -4.67028105682946503840e-01+j8.80541432299062787337e-01
  -3.89679552069146950544e-01+j9.18500919218928402188e-01
  -3.13656440505264755281e-01+j9.47898806516690894952e-01
  -2.39584327432666499558e-01+j9.69771375626431453298e-01
  -1.67901041544499640690e-01+j9.85054095921664485402e-01
  -9.89031989666236954761e-02+j9.94584864109499200424e-01
  -3.27808586486424968776e-02+j9.99110824231804195428e-01
  +3.03565809492950533510e-02+j9.99296482149389153626e-01
  +9.04608998714628020910e-02+j9.95731944236079247190e-01
  +1.47530271743832236409e-01+j9.88940727421856458079e-01
  +2.01597936931800558735e-01+j9.79386916783932304220e-01
  +2.52723445251769485154e-01+j9.67481614166731396232e-01
  +3.00985830252685104824e-01+j9.53588700538140709995e-01
  +3.46478254011934327927e-01+j9.38029967729486768846e-01
  +3.89303785796117463036e-01+j9.21089684918346307541e-01
  +4.29572065561874383288e-01+j9.03018664069728194121e-01
  +4.67396665391727028638e-01+j8.84037882962283250166e-01
</dep>
